newmtl mat_0
Ka 0.2 0.34901960784313724 0.34901960784313724
Kd 0.4 0.6980392156862745 0.6980392156862745
Ks 0.8980392156862745 0.8980392156862745 0.8980392156862745
map_Kd tex/23.jpg

newmtl mat_1
Ka 0.2 0.34901960784313724 0.2
Kd 0.4 0.6980392156862745 0.4
Ks 0.8980392156862745 0.8980392156862745 0.8980392156862745
map_Kd tex/33.jpg

newmtl mat_2
Ka 0.34901960784313724 0.2 0.34901960784313724
Kd 0.6980392156862745 0.4 0.6980392156862745
Ks 0.8980392156862745 0.8980392156862745 0.8980392156862745
map_Kd tex/39.jpg

newmtl mat_3
Ka 0 0 0
Kd 0 0 0
Ks 1 1 1

newmtl mat_4
Ka 0.34901960784313724 0.2 0.34901960784313724
Kd 0.6980392156862745 0.4 0.6980392156862745
Ks 0.8980392156862745 0.8980392156862745 0.8980392156862745
map_Kd tex/40.jpg

newmtl mat_5
Ka 0 0 0
Kd 0 0.18823529411764706 1
Ks 0 0 0
map_Kd tex/176.jpg

newmtl mat_6
Ka 0.2 0.2 0.34901960784313724
Kd 0.4 0.4 0.6980392156862745
Ks 0.8980392156862745 0.8980392156862745 0.8980392156862745
map_Kd tex/43.jpg

