newmtl mat_0
Ka 0.2 0.34901960784313724 0.34901960784313724
Kd 0.4 0.6980392156862745 0.6980392156862745
Ks 0.8980392156862745 0.8980392156862745 0.8980392156862745
map_Kd true/23.png
map_bump true/23_normal.png

newmtl mat_1
Ka 0.2 0.34901960784313724 0.2
Kd 0.4 0.6980392156862745 0.4
Ks 0.8980392156862745 0.8980392156862745 0.8980392156862745
map_Kd true/33.png
map_bump true/33_normal.png

newmtl mat_2
Ka 0.34901960784313724 0.2 0.34901960784313724
Kd 0.6980392156862745 0.4 0.6980392156862745
Ks 0.8980392156862745 0.8980392156862745 0.8980392156862745
map_Kd true/39.jpg
map_bump true/39_normal_soft.png

newmtl mat_3
Ka 0 0 0
Kd 0 0 0
Ks 1 1 1

newmtl mat_4
Ka 0.34901960784313724 0.2 0.34901960784313724
Kd 0.6980392156862745 0.4 0.6980392156862745
Ks 0.8980392156862745 0.8980392156862745 0.8980392156862745
map_Kd true/40.png
map_bump true/40_normal.png

newmtl mat_5
Ka 0 0 0
Kd 0 0.18823529411764706 1
Ks 0 0 0
map_Kd true/176.png
map_bump true/176_normal.png
map_Ke true/176_light.png
Ke 1 1 1

newmtl mat_6
Ka 0.2 0.2 0.34901960784313724
Kd 0.4 0.4 0.6980392156862745
Ks 0.8980392156862745 0.8980392156862745 0.8980392156862745
map_Kd true/43.png
map_bump true/43_normal.png
