newmtl mat_0
Ka 0.34901960784313724 0.2 0.2
Kd 0.6980392156862745 0.4 0.4
Ks 0.8980392156862745 0.8980392156862745 0.8980392156862745
map_Kd true/43.jpg

newmtl mat_1
Ka 0.2 0.2 0.34901960784313724
Kd 0.4 0.4 0.6980392156862745
Ks 0.8980392156862745 0.8980392156862745 0.8980392156862745
map_Kd true/37.jpg

newmtl mat_2
Ka 0 0 0
Kd 0.1450980392156863 0.1450980392156863 0.1450980392156863
Ks 1 1 1

newmtl mat_3
Ka 0.2 0.34901960784313724 0.2
Kd 0.4 0.6980392156862745 0.4
Ks 0.8980392156862745 0.8980392156862745 0.8980392156862745
map_Kd true/40.jpg

newmtl mat_4
Ka 0 0 0
Kd 1 0.30980392156862746 0.30980392156862746
Ks 0 0 0
map_Kd true/176.jpg

