newmtl mat_0
Ka 0.2 0.34901960784313724 0.34901960784313724
Kd 0.4 0.6980392156862745 0.6980392156862745
Ks 0.8980392156862745 0.8980392156862745 0.8980392156862745

newmtl mat_1
Ka 0.2 0.34901960784313724 0.2
Kd 0.4 0.6980392156862745 0.4
Ks 0.8980392156862745 0.8980392156862745 0.8980392156862745

newmtl mat_2
Ka 0.2 0.2 0.34901960784313724
Kd 0.4 0.4 0.6980392156862745
Ks 0.8980392156862745 0.8980392156862745 0.8980392156862745

newmtl mat_3
Ka 0.07058823529411765 0 1
Kd 0.047058823529411764 0 1
Ks 0 0 0

newmtl mat_4
Ka 0 0 0
Kd 0.30196078431372547 0.30196078431372547 0.30196078431372547
Ks 0 0 0

newmtl mat_5
Ka 0.34901960784313724 0.34901960784313724 0.2
Kd 0.6980392156862745 0.6980392156862745 0.4
Ks 0.8980392156862745 0.8980392156862745 0.8980392156862745

newmtl mat_6
Ka 0.34901960784313724 0.2 0.34901960784313724
Kd 0.6980392156862745 0.4 0.6980392156862745
Ks 0.8980392156862745 0.8980392156862745 0.8980392156862745

newmtl mat_7
Ka 0 0 0
Kd 0.3176470588235294 0.3176470588235294 0.3176470588235294
Ks 0 0 0

