newmtl mat_0
Ka 0.34901960784313724 0.2 0.34901960784313724
Kd 0.6980392156862745 0.4 0.6980392156862745
Ks 0.8980392156862745 0.8980392156862745 0.8980392156862745

newmtl mat_1
Ka 0.2 0.34901960784313724 0.2
Kd 0.4 0.6980392156862745 0.4
Ks 0.8980392156862745 0.8980392156862745 0.8980392156862745

newmtl mat_2
Ka 0.21568627450980393 0.21568627450980393 0.21568627450980393
Kd 0.25098039215686274 0.25098039215686274 0.25098039215686274
Ks 0 0 0

newmtl mat_3
Ka 0.2 0.34901960784313724 0.34901960784313724
Kd 0.4 0.6980392156862745 0.6980392156862745
Ks 0.8980392156862745 0.8980392156862745 0.8980392156862745

newmtl mat_4
Ka 0.34901960784313724 0.34901960784313724 0.2
Kd 0.6980392156862745 0.6980392156862745 0.4
Ks 0.8980392156862745 0.8980392156862745 0.8980392156862745

newmtl mat_5
Ka 0.34901960784313724 0.34901960784313724 0.2
Kd 0.6980392156862745 0.6980392156862745 0.4
Ks 0.8980392156862745 0.8980392156862745 0.8980392156862745

newmtl mat_6
Ka 0 0 0
Kd 0.19215686274509805 0.19215686274509805 0.19215686274509805
Ks 0 0 0

