newmtl mat_0
Ka 0.34901960784313724 0.2 0.2
Kd 0.6980392156862745 0.4 0.4
Ks 0.8980392156862745 0.8980392156862745 0.8980392156862745

newmtl mat_1
Ka 0.2 0.2 0.34901960784313724
Kd 0.4 0.4 0.6980392156862745
Ks 0.8980392156862745 0.8980392156862745 0.8980392156862745

newmtl mat_2
Ka 0.2 0.34901960784313724 0.2
Kd 0.4 0.6980392156862745 0.4
Ks 0.8980392156862745 0.8980392156862745 0.8980392156862745

newmtl mat_3
Ka 0 0 1
Kd 0 0 1
Ks 0 0 0

newmtl mat_4
Ka 0.34901960784313724 0.2 0.34901960784313724
Kd 0.6980392156862745 0.4 0.6980392156862745
Ks 0.8980392156862745 0.8980392156862745 0.8980392156862745

newmtl mat_5
Ka 0 0 0
Kd 0.22745098039215686 0.22745098039215686 0.22745098039215686
Ks 0 0 0

